1082238684148174848
750446882321797120
428471314
1556075358
1050736815278366720
898558432411738112
18377322
796834612416811009
19043568
483472007
33326694
71105408
2351734434
1161312674480885760
2194815738
25562165
1069284844600008704
759027551213715456
24076487
1219694515428167680
4498570402
1055250259209785344
411626852
1598576042
564648532
1243114404809408512
1219853584617148416
2724227049
775644157599686656
24112502
307926374
255718141
850425172268118017
218965318
161685142
1158036607502626816
272118514
979752441183899649
634648635
4256279793
1179882725890609152
979395880276168704
864807148827660288
704385412970713088
773010062537289728
198917874
1129553531181051904
1220106340271624192
194489115
1135142292917014528
398455975
369941550
317223956
1212817924328587264
1144014083869429762
1050222694510211072
1054452170878214144
778923280904355840
376253286
816302931821654020
1577876378
54122913
3684126388
1089336352561381376
981871222911840256
983794102792671238
3301052704
3384716398
1114214647949697024
805480757334601728
1174262320790417408
4870230854
183502531
488030366
3397401585
731634168082223104
987941017
395701053
1136852332514119685
704462639242616837
3030920836
45989925
4505795352
187022370
1148373478078238720
1242157919862312960
36361549
261430052
706015003770429441
1147777923551653888
32984890
456228940
1157511241155432448
1159452002646134786
3883607119
1036993238299598848
932759233996709888
1218304938020728832
899115298997055491
981875885316993024
100594799
788398915376652290
2196646711
797099248722571264
843610781916839937
266314014
1016337583725580288
438266048
435149337
40940931
1123932082042961920
54516759
65877643
710808924
66281302
405271742
636471289
120730487
990380498
52989817
815319255595876352
24981827
3892584794
735191134649999360
148988782
733793368673792005
1220670912393097217
246649768
119294791
1194047691350609925
1194076501723013120
1238080524733812738
1249133421466488835
52439119
2440620382
2515446257
1161787230014324737
1249133421466488835
4252555573
4252555573
4287360927
1595327870
830656650214199296
1209312707696041986
1244766265585160192
4242831
1215616440092561409
1206711848361431040
4402041737
2267928775
1169351226674176000
341678317
69477209
709856503
1030727405244051456
61669922
1136992558217695238
3254093970
820104978849107968
32893364
824491216419037184
862213438436630529
213577868
380962412
237593128
18971802
326772234
1086148353283448832
15424208
248125457
121758417
600917952
61143043
3015509674
60651576
105445307
867807156
41315641
257467918
4107829453
137209413
909822109
2261761038
3092395210
1224825277613772800
14857619
157383853
39632477
1189177821916258305
834255770451640320
29437192
232736087
15965877
824216698551209984
24360067
206778302
49551962
232820522
3042980196
60999529
933592871474626560
3200184501
27172412
259309785
1030265454420533248
245750555
81003247
1055930895125938177
27918523
3241941122
578491631
995689508
1028552335960825857
879513466578509825
189806241
25151074
89952017
922006286
1205908477266350081
1207326628038299649
173334737
91662441
1333595515
1176573441258000390
1532000580
2298268080
703748677182038016
815774607110242304
995773775533760512
65402708
1164913112434249733
3027955583
949056207448432640
69662968
144042187
3239306721
4146082816
910117632359223296
189366606
1313644760
411655419
264120850
900364982570844160
824280586172952576
759929091336175616
105291587
1333255530
107786881
2444026254
588428892
918130038
39226263
1067775153562705920
1004130571805749248
705227363903115265
736920747403321344
1229489254113402881
1006907068429856768
840194109017075714
3815755161
868940253201125377
1051592244078080000
1969774520
111596475
1147700402261045248
267787046
2952226919
65505301
1206715941083594757
496796636
18572546
826590763878281216
83889785
725412396
778923280904355840
1033890097551364096
807030537378471937
197807729
77667605
24980615
2360450804
1130002500
436874462
61403483
756264368241778690
325852492
483472007
781947890289827840
363954218
939942046164488192
791622413658103808
1055930895125938177
1011872005589696512
897358960239443968
1040598489040920577
60045111
969962404162490368
1013262836212981760
895019115483496448
1009403384393187329
1039560953254346752
948055404700930048
778427264916566016
1166514286769975299
66299698
1158100590964162560
2800466323
909119088110260224
763649736318476288
2683134085
2795342280
203981065
469796998
404478619
435104162
1098178703023132673
1050344514223665153
864807148827660288
3400737969
332115864
3059549053
2744420546
3025176803
319041805
2677836720
813413340827578369
1019679415901609996
200703683
2686186026
251190095
1240806372977115136
1241780283994779649
1534982328
332807597
914917210342047744
715461735
1147608975120195584
826915607689953285
133793696
22844639
866515390913945601
183593240
1204838771339988993
752100387402973184
1190770668016721920
2313257101
784490232607637504
820641288353628161
2984352645
248422857
347613960
1241374232543662081
1172647999325069313
21545913
2703209808
951161136790958081
752100387402973184
1112788490268360704
49132145
220711637
574765336
1226198668874846215
137552604
1195228679812501504
146022813
3015828635
1006404738445742080
1281392407
50176328
1098735726940880896
871385613575925760
18084724
333422841
1220391511252197376
735532246497628160
337645220
767801708890230784
4441025115
953595546870071297
1242925573732696067
1228084648430821381
17372783
247852573
2344617960
197822223
65943167
134606701
2848636241
2271154237
872214314895015937
872214314895015937
3183748675
824038218916130816
1039240054147829760
994652530415144960
340875095
120730487
106717716
371072641
556411718
585680866
3271255423
499417827
784263578970836993
218931484
1088236416587296770
15804501
61644110
1097809046915215360
337645220
2551015938
889998697013977088
361518926
937432883962277888
260361892
1246620232011190273
824740131395485697
42655573
1030612802036281344
1097510364013445121
29049770
271196971
22846618
2292221467
2381376859
792119786
2377181420
2844157981
985186985789837314
1528991755
1220482746239287296
3762073452
167253796
1942178124
759001979297280000
72214721
882373785520939008
21826598
457918960
962089612809261057
26137474
373743200
956758818532163584
2501224007
96654943
1080269129792155648
24700917
211912180
1037007165305827328
47277681
63223118
1025568158663565312
1260223170
47800262
819222572281700352
17173812
16855965
32078497
1087820592806588417
4440423322
932284755525152769
357860827
381092269
209112385
4264534757
2337160702
3951721642
967246494918238208
1246529073804972034
1161191406
2507476278
101038791
1247276473192312833
179871513
1026418206
724706594
765979700808286208
792375469219909632
2853530953
1100914498574143488
860967675664752641
1548401803
2222884950
1336911835
2197266151
14834573
391428326
728364563951931392
1127865127422836736
143593029
1206978240092495872
1566611383
981029062280806400
1205605511695089664
817428484016328704
2268099174
966700523993817088
880168696701870081
264343007
281740661
4302649992
336150655
911813389650763781
1040230472503189504
975430513212121088
16119094
1206681661838168065
391601479
1208724053097365505
1086270384951967744
1046811445793574912
393728617
22153494
967797299391983616
730851073
2169902847
38209648
809728500110237697
29073997
932089256541114368
33060593
851193763435335681
1197564560854511616
2363909793
1904373348
874978103436734464
820378769412210692
1184301207348596737
1103795794006573056
1217831560436535297
1083691380675932161
747074570662739968
1212021797857546240
822494178370355201
22548350
1200191554310172672
18204604
176246122
713105205588418560
528261651
877945155701149699
19262450
40361182
180081706
2836088338
363687498
2744420546
546309331
1147133841938796545
926797788431638529
22707454
764841932753362944
26557487
982923142262816768
925818967
1095490274682384390
488060497
947151152403091456
1083124113466671105
3329856063
727521370234458112
293267862
846664664
852160537
23968139
323275338
3500008155
1010161510931488768
920861198400155648
539560252
1176685860118360065
1134451129989730304
813848622
368722633
29835084
781911362
3180904687
2223239456
1010583286567976960
278448166
2415264878
1000027408508977152
1128104849759817728
883634756
1421957994
1890354756
865209203840827392
1031612380239880192
785321227892224000
4834265080
878003626848989188
917231720763555841
131987664
2225415348
43558410
54212418
715350002629873664
983168213167915009
1127398427044843520
4531014753
1211758908999520256
3346659106
1131714457011466240
1160875269923753984
1213908127239639040
181625277
1575334081
885474422
836377419732897792
538174154
76406795
42284908
1098211306098827265
413270383
75472962
23296115
1006113822254526465
1170010350860808193
863900248250470401
3589003512
175004773
207271383
146659588
785934718596296705
43836440
1909688808
207271383
1095839282017853440
556494930
24441055
390968545
1227722277007089667
981050210179801088
